1.まずは平行移動ができるのかの確認をする
30×30のマスから、90mmずらした30×30のマスへの移動を試みる
ロボットから見た時のx軸方向、y軸方向、z軸方向に関してそれぞれ検証する
6往復できたら完了とする
initial position = [x=200.009155, y=-0.0, z=116.391556, roll-180.00002, pitch=-0.0, yaw=-0.0]
方眼紙を敷いてある程度の座標がわかるようにする

ポイントうち時の座標
(0, [100.0, 100.0, 40.085716, -179.999963, -0.0, -0.0])
(0, [150.0, 100.0, 39.95686, -179.999963, -0.0, 0.0])
(0, [200.0, 100.0, 39.58284, -179.999963, -0.0, -0.0])
(0, [250.0, 100.0, 39.418171, -179.999963, -0.0, -0.0])
(0, [100.0, -0.0, 38.663643, -179.999963, 0.0, -0.0])
(0, [150.0, -0.0, 38.87458, -179.999963, -0.0, -0.0])
(0, [200.0, -0.0, 38.804882, -179.999963, 0.0, -0.0])
(0, [250.0, -0.0, 39.434235, -179.999963, -0.0, -0.0])
(0, [100.0, -100.0, 38.590313, -179.999963, 0.0, -0.0])
(0, [150.0, -100.0, 39.071384, -179.999963, 0.0, 0.0])
(0, [200.0, -100.0, 39.070683, -179.999963, 0.0, -0.0])
(0, [250.0, -100.0, 39.747166, -179.999963, 0.0, -0.0])


ロボットの腕にシールドを巻いてみる
関節部分を入念にカバーする
auroraとセンサーの間を邪魔しないロボットの動きをナビゲーションする
aorora,robot,センサーの順にならないようにしていく
	治具の長さを考えてみる(長くする)
どこまでロボットが間に入れるのかも検証する
	上から降ろしながらどこで大きくセンサーがずれるのか
	グリップのみの影響も考えてみる

